# Time-averaged data for fix avr
# TimeStep Number-of-rows
# Row c_tpr[2]
500 100
1 294.878
2 306.63
3 314.143
4 290.08
5 295.041
6 299.737
7 286.25
8 280.559
9 290.776
10 282.666
11 299.573
12 305.811
13 306.605
14 298.464
15 297.289
16 301.238
17 303.837
18 287.405
19 296.52
20 304.468
21 285.386
22 295.316
23 274.52
24 286.454
25 281.445
26 286.332
27 278.347
28 291.368
29 288.566
30 287.842
31 294.349
32 328.82
33 324.92
34 344.062
35 349.838
36 341.289
37 327.539
38 355.788
39 327.639
40 340.418
41 325.464
42 356.798
43 344.653
44 337.371
45 332.334
46 338.159
47 345.831
48 321.327
49 323.65
50 326.104
51 324.46
52 334.211
53 323.015
54 325.378
55 327.051
56 320.67
57 312.466
58 325.713
59 332.586
60 301.313
61 325.788
62 334.396
63 320.167
64 311.238
65 319.186
66 336.796
67 324.896
68 320.032
69 302.394
70 314.032
71 306.721
72 311.37
73 313.861
74 308.406
75 313.147
76 314.735
77 304.112
78 305.964
79 291.033
80 289.678
81 310.65
82 310.86
83 307.781
84 302.337
85 297.824
86 307.455
87 311.49
88 304.342
89 304.747
90 319.621
91 294.691
92 296.6
93 298.195
94 293.064
95 299.838
96 304.905
97 319.101
98 306.621
99 292.271
100 317.119
1000 100
1 324.944
2 305.296
3 301.136
4 289.953
5 300.276
6 294.645
7 293.187
8 301.27
9 300.198
10 291.668
11 280.166
12 304.853
13 292.249
14 296.229
15 306.314
16 288.627
17 280.616
18 285.544
19 306.072
20 308.609
21 286.596
22 265.047
23 279.321
24 276.817
25 269.801
26 266.452
27 289.599
28 281.664
29 281.61
30 296.457
31 326.705
32 403.458
33 449.224
34 467.147
35 462.348
36 474.914
37 477.274
38 449.874
39 461.849
40 472.939
41 414.289
42 443.54
43 478.05
44 455.826
45 443.929
46 467.608
47 411.675
48 426.941
49 429.218
50 421.277
51 409.693
52 416.029
53 409.486
54 405.45
55 405.803
56 383.892
57 388.344
58 412.766
59 371.348
60 398.595
61 368.299
62 402.319
63 376.611
64 381.432
65 383.173
66 377.362
67 369.761
68 364.197
69 367.32
70 363.001
71 354.519
72 365.756
73 355.662
74 379.845
75 358.637
76 367.421
77 345.032
78 355.924
79 325.726
80 361.95
81 318.384
82 296.31
83 306.246
84 313.237
85 314.404
86 299.268
87 302.362
88 304.413
89 285.52
90 296.15
91 310.674
92 297.139
93 280.793
94 292.093
95 298.439
96 310.8
97 306.61
98 300.238
99 311.383
100 315.283
1500 100
1 340.891
2 285.308
3 296.541
4 293.837
5 302.55
6 309.135
7 285.865
8 298.79
9 294.183
10 299.35
11 293.069
12 310.05
13 288.486
14 311.883
15 287.731
16 295.728
17 286.085
18 304.417
19 296.139
20 273.702
21 285.453
22 271.332
23 273.97
24 251.739
25 273.646
26 270.345
27 275.839
28 283.585
29 308.352
30 327.092
31 401.066
32 523.211
33 594.316
34 612.002
35 626.075
36 648.421
37 666.982
38 616.93
39 622.944
40 587.914
41 577.15
42 612.101
43 642.823
44 614.573
45 611.373
46 579.491
47 577.051
48 561.519
49 579.096
50 561.036
51 575.818
52 554.942
53 545.291
54 542.562
55 526.385
56 526.497
57 525.557
58 504.525
59 528.106
60 499.087
61 485.547
62 496.146
63 487.501
64 489.037
65 503.684
66 495.591
67 470.919
68 478.515
69 444.395
70 474.865
71 468.109
72 460.328
73 470.824
74 467.935
75 461.383
76 449.622
77 439.375
78 442.083
79 430.966
80 404.907
81 335.458
82 322.809
83 324.041
84 309.65
85 306.781
86 302.597
87 303.605
88 305.267
89 304.937
90 302.258
91 288.865
92 291.536
93 309.677
94 295.373
95 312.095
96 314.257
97 299.119
98 316.333
99 287.731
100 299.654
2000 100
1 298.817
2 279.393
3 294.919
4 309.986
5 306.31
6 281.613
7 298.167
8 290.917
9 308.543
10 285.718
11 297.481
12 302.306
13 300.641
14 289.919
15 296.809
16 303.131
17 281.1
18 297.803
19 285.167
20 296.706
21 271.812
22 255.672
23 278.37
24 277.011
25 266.02
26 284.717
27 307.769
28 314.625
29 357.933
30 389.344
31 470.099
32 635.255
33 723.487
34 745.471
35 786.048
36 841.879
37 792.135
38 805.239
39 815.83
40 806.405
41 852.341
42 799.96
43 812.374
44 793.081
45 752.368
46 743.513
47 758.541
48 750.385
49 733.547
50 735.007
51 709.36
52 712.2
53 703.065
54 703.044
55 716.617
56 696.112
57 657.246
58 651.354
59 675.129
60 660.712
61 692.329
62 630.574
63 658.156
64 649.898
65 629.711
66 625.706
67 626.671
68 605.662
69 613.327
70 605.813
71 606.903
72 630.323
73 612.35
74 581.302
75 599.787
76 590.077
77 550.547
78 566.28
79 570.765
80 510.737
81 351.295
82 331.524
83 319.394
84 304.635
85 308.542
86 310.917
87 303.116
88 306.426
89 299.523
90 292.412
91 300.152
92 301.617
93 295.591
94 304.359
95 309.914
96 308.812
97 285.399
98 288.959
99 306.061
100 303.736
2500 100
1 327.11
2 293.625
3 300.658
4 292.585
5 303.929
6 316.19
7 284.414
8 291.272
9 295.355
10 298.656
11 301.868
12 286.071
13 294.463
14 305.639
15 303.118
16 308.737
17 308.475
18 285.102
19 280.633
20 273.49
21 272.626
22 282.698
23 284.924
24 299.569
25 303.533
26 328.298
27 334.966
28 349.142
29 387.746
30 433.384
31 552.894
32 690.902
33 801.619
34 904.291
35 908.352
36 940.069
37 942.811
38 960.846
39 931.011
40 952.483
41 947.179
42 925.413
43 951.689
44 986.225
45 897.714
46 908.506
47 895.143
48 921.063
49 917.984
50 868.474
51 901.326
52 838.366
53 870.075
54 894.251
55 858.902
56 850.612
57 838.978
58 813.466
59 860.318
60 851.722
61 856.775
62 723.628
63 785.841
64 785.439
65 768.221
66 773.149
67 753.574
68 768.209
69 762.8
70 747.64
71 762.132
72 728.04
73 753.462
74 763.87
75 731.777
76 703.596
77 731.267
78 750.449
79 677.828
80 551.654
81 407.095
82 347.755
83 325.811
84 302.619
85 306.552
86 308.096
87 286.298
88 307.783
89 293.948
90 306.065
91 309.16
92 299.733
93 303.099
94 294.455
95 303.35
96 287.878
97 308.605
98 304.446
99 304.897
100 290.517
3000 100
1 296.302
2 299.736
3 288.599
4 289.709
5 298.35
6 308.171
7 296.067
8 291.203
9 300.743
10 299.45
11 283.803
12 293.551
13 283.058
14 301.808
15 301.666
16 277.162
17 285.277
18 304.618
19 283.331
20 319.069
21 306.976
22 302.762
23 302.024
24 323.427
25 326.435
26 363.955
27 370.254
28 388.738
29 452.195
30 494.547
31 575.23
32 736.296
33 913.355
34 946.196
35 956.777
36 1004.74
37 1059.82
38 1054.89
39 1059.66
40 1024.87
41 1097.29
42 1023.94
43 1067.59
44 1066.35
45 1028.65
46 1028.17
47 1021.45
48 1038.12
49 1037.05
50 1006.03
51 1036.98
52 1036.67
53 964.065
54 1025.78
55 981.778
56 971.532
57 965.999
58 1007.68
59 938.445
60 990.478
61 968.95
62 948.802
63 942.652
64 941.164
65 894.543
66 908.784
67 905.027
68 917.859
69 885.461
70 852.822
71 896.682
72 865.467
73 891.494
74 876.755
75 911.386
76 890.575
77 893.444
78 811.591
79 760.962
80 697.825
81 506.21
82 384.728
83 335.955
84 325.016
85 327.136
86 307.584
87 308.651
88 297.802
89 319.273
90 298.813
91 297.659
92 300.544
93 320.198
94 303.403
95 314.151
96 298.136
97 301.157
98 285.449
99 283.669
100 356.499
3500 100
1 304.851
2 308.799
3 287.041
4 291.53
5 306.089
6 297.787
7 298.8
8 293.207
9 303.063
10 286.663
11 296.514
12 305.829
13 291.391
14 304.108
15 299.717
16 296.273
17 274.587
18 288.644
19 285.94
20 274.473
21 355.427
22 338.005
23 336.26
24 332.204
25 359.437
26 381.591
27 415.235
28 449.514
29 449.839
30 551.205
31 653.24
32 750.594
33 916.532
34 1019.27
35 1094.21
36 1041.57
37 1137.69
38 1145.24
39 1105.63
40 1117.32
41 1183.23
42 1179.67
43 1145.32
44 1204.64
45 1178.34
46 1159.4
47 1157.99
48 1182.31
49 1183.59
50 1112.7
51 1108
52 1124.94
53 1103.68
54 1094.6
55 1115.6
56 1164.57
57 1087.83
58 1041.17
59 1108.71
60 1024.49
61 1051.36
62 1102.03
63 972.907
64 1032.15
65 1079.52
66 1030.02
67 1014.21
68 1016.01
69 1029.66
70 985.473
71 1022.14
72 1034.87
73 1014.3
74 1012.96
75 1043.29
76 1082.37
77 1013.32
78 977.617
79 888.417
80 769.328
81 567.113
82 390.755
83 371.744
84 329.117
85 325.638
86 327.471
87 309.651
88 300.272
89 291.092
90 308.453
91 296.579
92 318.096
93 307.031
94 303.597
95 307.458
96 312.031
97 319.9
98 293.803
99 302.496
100 290.08
4000 100
1 317.825
2 301.664
3 286.669
4 301.87
5 300.26
6 300.873
7 294.568
8 293.317
9 293.584
10 298.407
11 298.338
12 295.37
13 298.54
14 305.344
15 300.077
16 303.733
17 294.065
18 298.192
19 277.367
20 316.464
21 363.686
22 332.887
23 381.099
24 378.252
25 405.315
26 407.453
27 453.688
28 450.876
29 511.499
30 587.824
31 681.138
32 851.764
33 952.075
34 1016.3
35 1141.81
36 1126.98
37 1187.36
38 1230.25
39 1217.27
40 1259.15
41 1400.74
42 1318.83
43 1284.89
44 1271.36
45 1337.66
46 1301.67
47 1316.17
48 1277.09
49 1291.44
50 1259.76
51 1271.68
52 1281.88
53 1251.8
54 1249.1
55 1242.53
56 1244.82
57 1188.98
58 1184.28
59 1193.08
60 1273.85
61 1139.65
62 1196.35
63 1154
64 1172.79
65 1147
66 1134.33
67 1179.66
68 1140.2
69 1118.31
70 1140.15
71 1118.53
72 1142.27
73 1121.76
74 1104.52
75 1143.82
76 1065.01
77 1130.06
78 1092.57
79 1007.99
80 838.932
81 574.516
82 409.17
83 371.13
84 344.836
85 327.131
86 318.916
87 325.019
88 304.979
89 308.715
90 314.992
91 309.147
92 319.948
93 323.599
94 302.32
95 313.233
96 298.297
97 306.733
98 293.33
99 313.922
100 293.662
4500 100
1 319.514
2 306.28
3 314.681
4 303.026
5 311.653
6 297.03
7 300.124
8 297.872
9 284.702
10 291.252
11 297.008
12 306.789
13 300.973
14 308.166
15 303.276
16 285.386
17 287.643
18 295.426
19 317.669
20 328.576
21 356.079
22 425.025
23 389.124
24 420.37
25 429.892
26 433.228
27 488.181
28 500.143
29 568.103
30 615.047
31 727.435
32 854.28
33 999.471
34 1114.56
35 1171.49
36 1224.91
37 1230.57
38 1282.45
39 1259.83
40 1313.9
41 1359.59
42 1362.67
43 1319.99
44 1351.46
45 1423.45
46 1386.69
47 1381.23
48 1375.16
49 1385.38
50 1358.5
51 1369.13
52 1393.54
53 1390.58
54 1328.35
55 1324.28
56 1365.23
57 1357
58 1238.04
59 1295.38
60 1245.16
61 1294.86
62 1326.32
63 1301.4
64 1210.74
65 1294.15
66 1278.9
67 1220.53
68 1248.3
69 1286.97
70 1233.12
71 1231.45
72 1239.67
73 1232.23
74 1246.78
75 1234.49
76 1236.78
77 1184.29
78 1183.8
79 1098.3
80 923.48
81 605.137
82 454.533
83 376.527
84 339.58
85 344.143
86 338.64
87 331.18
88 322.549
89 330.05
90 316.897
91 315.47
92 306.954
93 310.426
94 302.813
95 294.843
96 304.621
97 309.184
98 303.454
99 323.24
100 325.731
5000 100
1 290.59
2 298.686
3 312.465
4 305.423
5 306.579
6 310.169
7 305.057
8 295.437
9 295.596
10 298.745
11 293.342
12 309.227
13 297.53
14 303.517
15 312.173
16 293.286
17 298.77
18 282.882
19 326.489
20 303.126
21 368.385
22 412.015
23 435.03
24 437.57
25 449.446
26 500.283
27 523.677
28 526.511
29 601.926
30 641.607
31 724.362
32 896.142
33 1057.46
34 1229.87
35 1213.78
36 1286.15
37 1303.53
38 1321.87
39 1377.05
40 1460.32
41 1453.24
42 1390.47
43 1526.04
44 1540.76
45 1606.34
46 1461.08
47 1485.29
48 1483.69
49 1519.2
50 1418.36
51 1496.3
52 1469.76
53 1407.21
54 1414.87
55 1499.55
56 1371.92
57 1470.16
58 1481.77
59 1415.92
60 1387.79
61 1333.76
62 1308.59
63 1342.1
64 1355.09
65 1380.75
66 1378.96
67 1325.53
68 1370.21
69 1349.82
70 1377.21
71 1418.14
72 1320.97
73 1328.23
74 1343.03
75 1318.59
76 1372.07
77 1319.34
78 1228.4
79 1229.5
80 987.687
81 677.609
82 448.76
83 415.105
84 380.401
85 345.315
86 332.028
87 335.281
88 342.268
89 324.207
90 325.229
91 314.171
92 318.214
93 316.397
94 303.723
95 302.925
96 306.438
97 307.683
98 294.286
99 305.855
100 320.377
5500 100
1 321.188
2 276.185
3 310.878
4 305.709
5 313.403
6 305.286
7 292.256
8 304.075
9 296.805
10 301.251
11 292.83
12 299.054
13 293.702
14 313.887
15 300.26
16 285.817
17 292.288
18 299.402
19 305.92
20 335.403
21 420.668
22 434.081
23 444.258
24 456.932
25 476.273
26 519.117
27 537.091
28 567.428
29 581.939
30 683.456
31 812.024
32 954.539
33 1107.56
34 1210.69
35 1228.4
36 1301.91
37 1407.82
38 1429.61
39 1409.06
40 1579.87
41 1467.31
42 1545.16
43 1538.14
44 1653.13
45 1538.62
46 1544.47
47 1575.76
48 1582.88
49 1591.46
50 1542.41
51 1568.03
52 1485.46
53 1543.22
54 1526.85
55 1586.83
56 1466.68
57 1520.23
58 1482.44
59 1451.09
60 1294.48
61 1409.7
62 1458.96
63 1440.49
64 1464.73
65 1458.42
66 1423.54
67 1456.29
68 1445.81
69 1417.06
70 1493.22
71 1492.44
72 1454.07
73 1461.32
74 1459.72
75 1464.92
76 1348.92
77 1382.99
78 1307.9
79 1236.2
80 1090.06
81 693.669
82 491.023
83 406.677
84 382.248
85 351.133
86 344.359
87 340.627
88 318.207
89 340.231
90 323.779
91 327.545
92 316.943
93 320.325
94 320.369
95 320.462
96 310.067
97 306.676
98 307.794
99 310.719
100 331.87
6000 100
1 332.764
2 334.762
3 299.247
4 309.74
5 306.66
6 299.345
7 301.79
8 299.439
9 305.403
10 300.645
11 302.955
12 298.113
13 284.123
14 293.093
15 303.251
16 301.064
17 297.691
18 299.003
19 328.104
20 364.103
21 432.738
22 471.616
23 469.407
24 495.462
25 521.936
26 523.781
27 590.733
28 612.789
29 638.486
30 721.51
31 826.813
32 1041.71
33 1166.53
34 1198.77
35 1342.71
36 1346.88
37 1392.47
38 1504
39 1499.63
40 1519.36
41 1578.38
42 1634.89
43 1542.37
44 1725.18
45 1608.87
46 1686.45
47 1622.14
48 1579.47
49 1658.09
50 1565.53
51 1654.74
52 1648.08
53 1659.34
54 1630.87
55 1610.3
56 1615.58
57 1571.35
58 1570.68
59 1540.71
60 1599.46
61 1565.21
62 1476.59
63 1493.59
64 1552.15
65 1562.15
66 1554.32
67 1554.34
68 1474.45
69 1512.43
70 1562.35
71 1543.93
72 1543.51
73 1478.29
74 1497.34
75 1542.81
76 1490.81
77 1462.98
78 1431.15
79 1303.27
80 1087.56
81 716.212
82 548.543
83 420.652
84 384.674
85 369.036
86 336.801
87 344.593
88 335.434
89 339.78
90 339.946
91 333.954
92 314.747
93 320.128
94 330.568
95 310.565
96 315.422
97 321.175
98 304.639
99 331.786
100 306.569
6500 100
1 308.355
2 308.051
3 314.503
4 301.516
5 299.178
6 295.785
7 301.56
8 299.041
9 299.483
10 303.546
11 300.646
12 300.069
13 291.439
14 294.035
15 297.105
16 307.806
17 302.491
18 304.576
19 317.248
20 358.058
21 477.582
22 480.009
23 477.095
24 524.85
25 486.348
26 561.756
27 609.446
28 654.183
29 702.846
30 750.597
31 859.632
32 1019.1
33 1171.28
34 1250.95
35 1347.41
36 1440.4
37 1384.04
38 1659.07
39 1516.8
40 1561.05
41 1661.26
42 1675.11
43 1621.59
44 1751.27
45 1723.28
46 1707.48
47 1747.59
48 1745.52
49 1723.66
50 1715.79
51 1616.91
52 1661.81
53 1656.3
54 1740.81
55 1696.91
56 1758.62
57 1610.34
58 1576.24
59 1641.78
60 1613.14
61 1690.88
62 1701.16
63 1510.08
64 1601.75
65 1614.1
66 1524.88
67 1581.65
68 1646.74
69 1582.68
70 1602.49
71 1662.36
72 1654.48
73 1610.7
74 1557.74
75 1584.69
76 1547.73
77 1462.33
78 1504.98
79 1392.48
80 1181.04
81 810.838
82 546.655
83 463.174
84 387.009
85 384.072
86 371.602
87 337.699
88 348.849
89 337.571
90 351.307
91 321.199
92 328.614
93 324.76
94 317.808
95 335.497
96 325.071
97 329.274
98 321.686
99 322.081
100 333.66
7000 100
1 328.722
2 318.645
3 326.146
4 300.92
5 318.048
6 299.332
7 291.459
8 291.325
9 293.394
10 296.128
11 307.521
12 298.371
13 296.837
14 312.472
15 313.602
16 308.33
17 302.208
18 312.117
19 321.331
20 367.676
21 439.881
22 510.792
23 521.859
24 548.315
25 517.65
26 592.683
27 612.032
28 650.67
29 730.798
30 779.085
31 870.797
32 1042.77
33 1218.23
34 1259.01
35 1361.55
36 1476.45
37 1491.59
38 1608.73
39 1614.57
40 1827.75
41 1666.64
42 1613.03
43 1697.14
44 1742.13
45 1666.87
46 1754.94
47 1750.73
48 1784.97
49 1808.22
50 1724.29
51 1776.4
52 1703.14
53 1793.17
54 1726.1
55 1735.56
56 1754.78
57 1691.72
58 1814.74
59 1596.96
60 1684.36
61 1697.75
62 1621.78
63 1712.54
64 1619.7
65 1666.22
66 1671.07
67 1648.03
68 1677
69 1699.39
70 1676.78
71 1642.68
72 1687.2
73 1754.52
74 1650.16
75 1635.03
76 1585.63
77 1605.69
78 1497.39
79 1360.18
80 1201.53
81 822.696
82 635.62
83 441.67
84 413.42
85 390.297
86 374.926
87 370.069
88 346.216
89 353.957
90 345.188
91 337.463
92 333.984
93 336.807
94 331.254
95 313.19
96 328.884
97 337.993
98 324.251
99 325.707
100 344.247
7500 100
1 292.704
2 306.354
3 313.043
4 288.753
5 310.789
6 309.069
7 290.706
8 303.408
9 293.025
10 300.537
11 300.56
12 292.103
13 307.572
14 297.058
15 297.73
16 300.624
17 310.387
18 308.599
19 345.491
20 364.872
21 455.426
22 533.287
23 535.626
24 547.149
25 554.319
26 597.589
27 652.534
28 688.732
29 718.3
30 785.912
31 925.267
32 1044.53
33 1245.18
34 1372.75
35 1452.29
36 1479.35
37 1587.25
38 1507.61
39 1730.99
40 1702.49
41 1750.56
42 1796.18
43 1580.88
44 1824.96
45 1746.65
46 1830.36
47 1782.03
48 1765.46
49 1841.54
50 1816.95
51 1806.52
52 1753.7
53 1769.94
54 1811.04
55 1782.15
56 1821.97
57 1865.38
58 1752.23
59 1791.67
60 1835.16
61 1778.41
62 1685.44
63 1692.07
64 1670.85
65 1751.94
66 1693.99
67 1733.55
68 1750.89
69 1692.16
70 1744.06
71 1727.74
72 1721.94
73 1697.22
74 1754.79
75 1689.07
76 1668.51
77 1589.55
78 1504.75
79 1391.9
80 1228.32
81 911.408
82 611.896
83 459.545
84 437.647
85 410.02
86 391.2
87 362.527
88 353.532
89 376.642
90 345.119
91 332.511
92 346.711
93 334.489
94 334.839
95 327.461
96 333.867
97 342.686
98 340.872
99 340.909
100 349.676
8000 100
1 304.406
2 297.453
3 299.566
4 305.62
5 305.603
6 306.729
7 312.078
8 307.381
9 298.376
10 305.019
11 302.761
12 306.645
13 307.984
14 305.426
15 314.686
16 298.62
17 308.201
18 306.757
19 350.353
20 422.598
21 433.612
22 530.364
23 554.396
24 583.273
25 582.877
26 589.774
27 670.87
28 701.852
29 768.768
30 824.223
31 945.294
32 1116.85
33 1279.72
34 1386.74
35 1496.8
36 1466.95
37 1577.1
38 1521.95
39 1841.81
40 1737.16
41 1859.58
42 1732.65
43 1829.86
44 1825.43
45 1755.51
46 1772.81
47 1971.19
48 1875.9
49 1893.28
50 1902.31
51 1871.26
52 1821.58
53 1840.48
54 1953.9
55 1759.66
56 1833.89
57 1804.86
58 1717.06
59 1896.45
60 1797.47
61 1906.87
62 1729.11
63 1739.55
64 1723.92
65 1747.11
66 1705.87
67 1830.59
68 1813.76
69 1797.62
70 1798.52
71 1831.38
72 1750.75
73 1793.33
74 1707.14
75 1787.77
76 1742.48
77 1626.16
78 1614.54
79 1473.26
80 1226.73
81 966.247
82 617.581
83 488.023
84 439.377
85 421.803
86 390.798
87 369.023
88 351.639
89 378.612
90 365.921
91 348.517
92 339.764
93 340.955
94 341.637
95 348.428
96 326.424
97 327.803
98 334.416
99 351.762
100 330.518
8500 100
1 317.074
2 306.518
3 296.452
4 300.462
5 298.741
6 316.157
7 295.021
8 300.042
9 294.867
10 291.224
11 309.721
12 305.314
13 302.504
14 298.06
15 301.574
16 314.571
17 312.44
18 315.391
19 365.311
20 385.612
21 531.618
22 556.244
23 561.844
24 551.95
25 601.214
26 597.41
27 669.965
28 698.582
29 770.941
30 838.115
31 970.048
32 1138.02
33 1285.03
34 1367.51
35 1484.52
36 1559.5
37 1618.04
38 1608.26
39 1715.22
40 1616.85
41 1912.36
42 1835.7
43 1921.95
44 1805.65
45 1840.16
46 1862.87
47 1876.65
48 1897.53
49 1933.5
50 1942.22
51 1900.24
52 1902.88
53 1921.16
54 1854.42
55 1920.19
56 1805.79
57 1861.19
58 1767.61
59 1767.3
60 1839.55
61 1907.43
62 1873.44
63 1799.57
64 1895.52
65 1769.53
66 1810.97
67 1773.86
68 1755.55
69 1864.9
70 1825.77
71 1809.88
72 1854.72
73 1833.42
74 1816.99
75 1773.6
76 1839.48
77 1722.38
78 1735.59
79 1509.84
80 1248.3
81 895.212
82 655.889
83 527.73
84 442.163
85 434.848
86 403.783
87 389.535
88 377.938
89 381.131
90 369.104
91 349.862
92 354.561
93 365.16
94 357.164
95 343.838
96 347.746
97 347.742
98 343.173
99 327.339
100 345.107
9000 100
1 313.095
2 295.901
3 313.345
4 327.506
5 286.883
6 318.049
7 294.927
8 293.899
9 293.8
10 295.811
11 292.678
12 307.123
13 306.689
14 296.807
15 308.403
16 317.533
17 321.781
18 324.896
19 349.997
20 425.44
21 504.154
22 578.996
23 602.627
24 580.718
25 661.932
26 689.209
27 687.463
28 748.252
29 791.741
30 876.278
31 974.908
32 1192.41
33 1304.86
34 1350.8
35 1459.45
36 1578.45
37 1696.21
38 1685.44
39 1723.4
40 1759.33
41 1973.41
42 1849.4
43 1987.05
44 1868.02
45 1819.77
46 1919.74
47 1851.92
48 1963.94
49 1932.62
50 1851.09
51 1896.21
52 2019.24
53 1897.69
54 1879.62
55 1868.83
56 1867.99
57 1912.1
58 1848.65
59 1814.62
60 1731.37
61 2014.38
62 1924.86
63 1828.5
64 1848.58
65 1865.44
66 1848.44
67 1879.44
68 1915.75
69 1927.02
70 1922.82
71 1824.39
72 1849.71
73 1966.7
74 1813.46
75 1856.2
76 1744.61
77 1778.32
78 1561.64
79 1580.81
80 1267.91
81 928.1
82 642.794
83 536.95
84 436.647
85 425.63
86 403.05
87 408.795
88 388.956
89 370.931
90 358.896
91 365.339
92 360.094
93 349.221
94 364.272
95 365.398
96 347.78
97 336.455
98 335.223
99 336.483
100 334.416
9500 100
1 378.998
2 321.058
3 331.025
4 318.354
5 317.502
6 296.36
7 290.427
8 318.173
9 308.094
10 299.133
11 307.026
12 314.384
13 307.154
14 318.216
15 302.053
16 307.266
17 336.266
18 349.301
19 364.798
20 432.891
21 482.001
22 588.362
23 571.67
24 609.603
25 642.183
26 654.006
27 714.708
28 716.68
29 825.128
30 915.555
31 954.318
32 1191.81
33 1326.09
34 1461
35 1555.4
36 1545.55
37 1606.83
38 1707.29
39 1790.72
40 1826.71
41 1805.13
42 1837.9
43 1789.02
44 1906.35
45 1798.32
46 1909.62
47 1846.7
48 1952.12
49 2017.6
50 1927.83
51 2010.35
52 1910.01
53 1921.19
54 1892.31
55 1954.79
56 1988.75
57 1921.93
58 1832.21
59 1926.53
60 1930.38
61 1852.66
62 1961.15
63 1904.95
64 1856.82
65 1826.31
66 1862.67
67 1881.91
68 1893.76
69 1864.51
70 1970.2
71 1896.79
72 1876.35
73 1912.25
74 1919.07
75 1790.08
76 1804.64
77 1754.44
78 1732.2
79 1596.31
80 1314.46
81 1051.23
82 678.254
83 546.158
84 480.511
85 427.264
86 421.646
87 391.038
88 403.465
89 390.301
90 396.465
91 381.043
92 358.38
93 373.08
94 381.105
95 367.685
96 359.1
97 342.905
98 349.4
99 345.895
100 361.957
10000 100
1 328.795
2 321.19
3 324.803
4 315.997
5 302.918
6 292.978
7 294.299
8 309.657
9 311.144
10 311.347
11 305.967
12 297.512
13 308.094
14 318.306
15 312.833
16 318.097
17 308.325
18 336.914
19 372.938
20 412.342
21 511.649
22 583.547
23 612.178
24 655.024
25 651.284
26 674.431
27 732.634
28 747.688
29 825.972
30 888.131
31 989.673
32 1183.17
33 1322.19
34 1492.32
35 1565.88
36 1535.92
37 1645.97
38 1670.98
39 1924.39
40 1679.79
41 1857.02
42 1939.54
43 1886.11
44 1976.01
45 1918.85
46 1924.61
47 1967.93
48 1996.41
49 2008.49
50 1893.64
51 1989.92
52 1998.86
53 1927.48
54 1883.72
55 1918.65
56 1942.94
57 1958.28
58 1943.84
59 1758.99
60 1818.94
61 2091.18
62 1895.62
63 1903.88
64 1901
65 1860.57
66 1943.09
67 1890.95
68 1901.39
69 1986.73
70 2020.31
71 1920.38
72 1962.42
73 1843.21
74 1977.95
75 1819.01
76 1781.04
77 1879.98
78 1655.48
79 1630.79
80 1293.89
81 1046.1
82 704.495
83 572.15
84 485.88
85 446.902
86 439.224
87 397.784
88 407.908
89 402.047
90 378.635
91 367.866
92 376.309
93 370.742
94 364.239
95 366.355
96 349
97 369.973
98 391.079
99 323.239
100 360.851
10500 100
1 325.593
2 352.766
3 317.735
4 304.168
5 300.442
6 310.638
7 306.437
8 309.113
9 310.182
10 305.237
11 303.709
12 312.009
13 311.876
14 312.01
15 303.397
16 319.958
17 318.226
18 332.178
19 353.802
20 403.912
21 574.44
22 606.796
23 611.899
24 620.054
25 673.312
26 687.783
27 710.009
28 797.824
29 806.309
30 912.595
31 1039.89
32 1210.38
33 1338.98
34 1427.24
35 1504.45
36 1630.74
37 1699.56
38 1677.04
39 1775.6
40 1857.45
41 1868.82
42 1899.13
43 1926.52
44 1846.86
45 1991.65
46 1896.15
47 1996.64
48 2104.48
49 1950.94
50 1977.68
51 1990.21
52 1968.3
53 1992.18
54 1979.29
55 1977.62
56 2020.48
57 2016
58 1908.29
59 2032.02
60 1810.33
61 2021.78
62 1865.53
63 1938.5
64 1877.37
65 1903.78
66 1993.72
67 1961.73
68 2042.84
69 1961.36
70 1948.92
71 1937.38
72 1955.63
73 2044.17
74 1903.53
75 1870.36
76 1806.97
77 1710.03
78 1646.24
79 1618.4
80 1447.73
81 937.457
82 672.497
83 537.35
84 505.18
85 439.357
86 442.095
87 428.076
88 416.634
89 407.456
90 386.521
91 384.803
92 383.584
93 377.36
94 364.747
95 384.464
96 368.445
97 373.059
98 364.536
99 371.113
100 357.619
11000 100
1 344.57
2 317.861
3 296.884
4 310.01
5 299.294
6 320.237
7 316.022
8 317.951
9 317.061
10 313.634
11 316.556
12 304.979
13 322.26
14 326.145
15 312.374
16 312.336
17 326.703
18 319.454
19 361.794
20 460.962
21 538.069
22 581.578
23 621.029
24 658.645
25 667.371
26 717.78
27 747.186
28 772.413
29 851.502
30 923.967
31 1038.55
32 1199.25
33 1349.11
34 1511.04
35 1527.2
36 1730.82
37 1651.26
38 1756.16
39 1758.34
40 1866.13
41 1837.52
42 2004.64
43 1871.65
44 1950.17
45 1938.21
46 1966.49
47 1951.34
48 1936.34
49 1968.66
50 2053.86
51 1988.5
52 1964.11
53 2032.42
54 2024.71
55 1994.69
56 1929.16
57 1945.74
58 2019.73
59 2007.47
60 2025.55
61 1917.08
62 1876.7
63 1929.96
64 1854.61
65 1966.27
66 1965.5
67 2012.07
68 1942.47
69 1992.23
70 1946.51
71 1934.92
72 1985.29
73 1911.56
74 1904.71
75 1946.44
76 1896.01
77 1802.33
78 1737.79
79 1456.06
80 1257.33
81 971.61
82 766.425
83 549.08
84 527.665
85 486.412
86 448.505
87 419.529
88 430.08
89 417.393
90 418.303
91 406.364
92 377.434
93 400.947
94 381.171
95 362.329
96 378.268
97 376.146
98 359.187
99 351.202
100 322.957
11500 100
1 346.085
2 324.89
3 296.727
4 303.821
5 307.319
6 320.291
7 336.346
8 305.591
9 311.064
10 324.411
11 315.877
12 314.824
13 317.502
14 311.478
15 329.259
16 306.78
17 344.376
18 330.588
19 342.012
20 450.082
21 544.666
22 567.219
23 621.573
24 668.73
25 687.801
26 705.737
27 755.645
28 801.59
29 859.881
30 927.563
31 1031.67
32 1231.99
33 1347.89
34 1459.29
35 1591.72
36 1668.91
37 1700.06
38 1707.89
39 1693.79
40 1963.14
41 2010.38
42 2041.23
43 2066.02
44 1934.52
45 1941.36
46 2005.87
47 2083.07
48 2071.79
49 1959.64
50 2041.77
51 2030.45
52 2107.98
53 1925.35
54 1972.25
55 1988.03
56 1939.84
57 1931.43
58 2126.17
59 1969.86
60 2086.88
61 1938.45
62 1986.87
63 1843.83
64 1921.07
65 1996.64
66 2034.24
67 1964.61
68 2007.35
69 1923.76
70 2021.64
71 1927.76
72 1963.76
73 1869.78
74 1983.04
75 1899.14
76 1917.03
77 1799.04
78 1763.28
79 1585.99
80 1545.63
81 976.088
82 645.497
83 595.407
84 514.859
85 470.93
86 468.573
87 441.969
88 417.825
89 436.26
90 411.554
91 401.172
92 396.434
93 384.365
94 385.57
95 388.779
96 370.221
97 374.703
98 389.306
99 368.261
100 381.242
12000 100
1 376.297
2 316.696
3 323.375
4 302.973
5 311.609
6 331.055
7 317.99
8 315.673
9 308.236
10 326.231
11 320.648
12 306.754
13 324.801
14 315.749
15 315.187
16 318.457
17 333.071
18 347.273
19 349.064
20 419.947
21 535.89
22 623.184
23 652.343
24 669.317
25 682.887
26 690.208
27 784.04
28 805.761
29 839.856
30 939.607
31 1078.48
32 1219.89
33 1362.78
34 1449.01
35 1591.65
36 1689.09
37 1786.28
38 1814.24
39 1880.73
40 1925.35
41 2076.23
42 2178.45
43 2079.86
44 2065.42
45 1973.49
46 2086.06
47 2023.29
48 2026.58
49 2053.31
50 2050.67
51 2057.37
52 1991.74
53 1959.93
54 1934.79
55 1974.18
56 1975.07
57 1915.5
58 2077.2
59 2167.85
60 2110.14
61 2031.98
62 2013.15
63 2003.14
64 1975.79
65 1987.57
66 1983.14
67 1994.55
68 1969.56
69 1925.31
70 1942.58
71 1930.39
72 1921.12
73 2032.24
74 1985.09
75 1953.5
76 1941.33
77 1803.95
78 1793.35
79 1627
80 1366.43
81 1042.47
82 756.852
83 569.993
84 514.663
85 500.635
86 461.89
87 416.384
88 444.936
89 434.86
90 415.349
91 420.925
92 415.36
93 399.588
94 381.08
95 387.782
96 389.171
97 378.279
98 391.591
99 388.446
100 355.362
12500 100
1 318.877
2 327.949
3 319.079
4 313.662
5 308.504
6 321.71
7 338.114
8 314.239
9 323.909
10 309.975
11 316.024
12 310.502
13 318.638
14 312.732
15 329.541
16 316.569
17 349.727
18 349.06
19 384.016
20 432.13
21 505.909
22 645.025
23 665.081
24 667.895
25 685.368
26 717.114
27 753.45
28 799.127
29 899.689
30 969.169
31 1048.6
32 1217.93
33 1374.69
34 1420.52
35 1535.83
36 1738.96
37 1777.39
38 1689.84
39 1922.77
40 1895.49
41 2247.05
42 1972
43 2003.7
44 2120.37
45 2049.27
46 2026.54
47 2080.4
48 2006.23
49 2028.45
50 1983.67
51 2039.59
52 1996.4
53 2074.88
54 2044.95
55 2025.59
56 2063.76
57 2092.14
58 2129.47
59 1980.58
60 2095.97
61 1954.28
62 1995.19
63 1974.89
64 1994.59
65 2034.23
66 1936.67
67 2012.41
68 2022.81
69 2011.34
70 1887.07
71 1974.79
72 1981.2
73 2018.74
74 2079.71
75 1953.51
76 1889.49
77 1761.51
78 1720.39
79 1652.66
80 1396.98
81 946.251
82 760.297
83 608.875
84 511.377
85 492.275
86 460.143
87 452.537
88 460.426
89 425.39
90 425.664
91 422.735
92 428.609
93 407.756
94 403.493
95 389.67
96 400.964
97 380.996
98 382.335
99 393.208
100 369.868
13000 100
1 365.32
2 341.98
3 305.465
4 315.863
5 321.885
6 312.788
7 319.888
8 331.409
9 321.325
10 321.939
11 313.292
12 325.594
13 324.967
14 321.181
15 339.556
16 328.449
17 344.077
18 343.216
19 374.994
20 435.502
21 516.502
22 611.954
23 650.001
24 662.413
25 683.132
26 748.789
27 771.197
28 835.034
29 867.026
30 936.735
31 1050.26
32 1197.43
33 1379.61
34 1462.48
35 1565.54
36 1668.31
37 1720.61
38 1785.48
39 1862.52
40 1982.12
41 2120.93
42 2102.36
43 2098.38
44 2106.69
45 2103.02
46 2100.65
47 2064.5
48 2074.18
49 2036.39
50 1953.64
51 2026.51
52 2036.31
53 2112.79
54 2056.96
55 2064.06
56 1932.87
57 2013.6
58 2008.12
59 2045.51
60 2024.07
61 2113.38
62 2116.65
63 2058.27
64 2027.36
65 2049.64
66 2013.26
67 2051.35
68 2067.04
69 2006.7
70 2025.7
71 1965.07
72 2012.99
73 2046.79
74 1950.17
75 1916.19
76 1971.78
77 1899.13
78 1789.86
79 1584.35
80 1284.24
81 944.75
82 734.698
83 550.712
84 544.753
85 501.49
86 454.528
87 452.149
88 457.968
89 428.798
90 456.779
91 411.921
92 404.93
93 410.151
94 419.613
95 419.607
96 400.431
97 396.033
98 402.416
99 400.578
100 411.039
13500 100
1 330.792
2 350.412
3 327.604
4 313.689
5 310.066
6 316.976
7 323.097
8 320.134
9 325.789
10 330.115
11 326.056
12 321.015
13 310.277
14 316.839
15 320.337
16 343.614
17 342.488
18 344.009
19 358.903
20 461.571
21 589.37
22 589.492
23 682.184
24 692.611
25 694.064
26 759.974
27 774.032
28 796.847
29 847.097
30 935.49
31 1064.33
32 1209.11
33 1339.77
34 1517.65
35 1581.17
36 1692.46
37 1745.05
38 1764.38
39 1974.58
40 2078.43
41 2063.56
42 2124.81
43 2050.56
44 2054.11
45 2089.22
46 2104.18
47 2164.7
48 2086.76
49 2049.31
50 2102.28
51 2026.23
52 2130.92
53 2042.88
54 2174.59
55 2067.44
56 2093.25
57 2156.77
58 2174.69
59 2206.35
60 2164.09
61 2022.64
62 2118.58
63 2068.01
64 2021.42
65 1985.48
66 2079.18
67 2061.44
68 2077.4
69 1962.09
70 1985.66
71 2044.69
72 2049.39
73 1989.44
74 2026.59
75 1979.19
76 1957
77 1885.92
78 1745.23
79 1561.13
80 1289.88
81 1019.15
82 714.106
83 614.802
84 540.052
85 518.598
86 494.805
87 461.123
88 440.66
89 457.126
90 431.045
91 443.336
92 424.032
93 399.531
94 414.491
95 424.943
96 400.205
97 424.634
98 418.6
99 403.239
100 401.988
14000 100
1 361.373
2 346.158
3 332.677
4 320.352
5 332.022
6 314.282
7 305.418
8 322.827
9 319.711
10 331.153
11 323.43
12 333.766
13 316.778
14 334.671
15 321.335
16 330.5
17 355.756
18 346.692
19 375.359
20 438.248
21 569.067
22 609.313
23 652.359
24 681.674
25 692.058
26 756.303
27 795.644
28 822.972
29 899.493
30 934.546
31 1111.3
32 1223.87
33 1355.53
34 1443.01
35 1588.08
36 1689.8
37 1741.68
38 1856.81
39 1920.15
40 1926.89
41 2017.91
42 2089.3
43 2204.39
44 2228.71
45 2169.86
46 2103.34
47 2087.81
48 2094.46
49 2311.46
50 2090.71
51 2143.41
52 2223.93
53 2107.41
54 2074.84
55 2206.03
56 2168.25
57 2071.99
58 2081.44
59 2046.99
60 2019.65
61 2129.37
62 2251.63
63 2133.25
64 2034.61
65 2075.1
66 2091.35
67 2055.49
68 2109.36
69 2031.44
70 2091.96
71 2008.48
72 1984.37
73 1986.73
74 2037.85
75 1928.43
76 1952
77 1882.91
78 1809.05
79 1598.89
80 1332.12
81 1009.43
82 723.238
83 611.482
84 549.226
85 506.331
86 483.896
87 468.092
88 456.757
89 455.665
90 447.128
91 442.87
92 436.478
93 440.356
94 415.713
95 413.201
96 394.659
97 419.019
98 403.046
99 423.978
100 359.378
14500 100
1 356.133
2 342.772
3 329.973
4 324.712
5 321.087
6 324.244
7 319.592
8 323.617
9 321.637
10 335.143
11 333.471
12 327.164
13 338.428
14 337.936
15 339.893
16 318.638
17 333.315
18 346.992
19 372.214
20 444.295
21 576.318
22 621.823
23 641.975
24 682.387
25 722.102
26 785.125
27 811.248
28 787.436
29 880.413
30 952.87
31 1090.19
32 1235.09
33 1325.01
34 1513.52
35 1532.84
36 1638.71
37 1683.43
38 1797.24
39 1890.48
40 2041.19
41 2121.76
42 2100.18
43 2268.27
44 2107.62
45 2249.25
46 2177.32
47 2283.69
48 2174.05
49 2182.41
50 2175.32
51 2086.62
52 2082.09
53 2204.58
54 2149.75
55 2244.81
56 2157.16
57 2072.39
58 2190.46
59 2069.7
60 2249.96
61 2250.94
62 2200.39
63 2215.29
64 2113.18
65 2138.73
66 2090.3
67 2143.42
68 2090.34
69 2029.76
70 1995.17
71 1958.6
72 2119.84
73 2048.53
74 2039.89
75 2021.89
76 2008.82
77 1967.77
78 1775.39
79 1583.74
80 1347.93
81 930.179
82 672.57
83 587.143
84 551.191
85 514.39
86 496.766
87 471.851
88 466.947
89 458.034
90 449.294
91 432.976
92 438.032
93 436.798
94 447.042
95 431.524
96 428.845
97 414.972
98 413.912
99 410.846
100 382.625
15000 100
1 370.718
2 319.714
3 331.427
4 343.489
5 330.341
6 313.813
7 321.148
8 334.822
9 330.773
10 326.36
11 343.375
12 334.862
13 336.871
14 338.236
15 334.601
16 338.638
17 337.231
18 346.711
19 376.458
20 432.732
21 633.026
22 609.024
23 667.762
24 669.184
25 732.716
26 762.24
27 803.175
28 848.554
29 878.46
30 922.158
31 1066.79
32 1229.55
33 1403.23
34 1490.76
35 1589.35
36 1637.17
37 1757.93
38 1937.44
39 1821.35
40 1942.63
41 2237.87
42 2254.79
43 2272.1
44 2124.06
45 2212.06
46 2253.94
47 2183.97
48 2258.75
49 2236.34
50 2225.17
51 2309.96
52 2247.76
53 2208.77
54 2269.05
55 2253.17
56 2297.48
57 2249.56
58 2153.61
59 2169.13
60 2358.73
61 2428.61
62 2224.26
63 2170.51
64 2271.53
65 2139.22
66 2077.05
67 2185.17
68 2124.67
69 2099.78
70 2038.59
71 2090.71
72 2098.64
73 2106.94
74 2047.12
75 2000.62
76 1984.05
77 1939.35
78 1882.42
79 1511.11
80 1362.97
81 1020.25
82 724.101
83 627.768
84 547.846
85 523.945
86 491.539
87 499.431
88 471.732
89 475.433
90 432.062
91 465.943
92 442.756
93 444.65
94 443.954
95 426.519
96 430.067
97 427.637
98 407.719
99 401.858
100 369.997
15500 100
1 350.934
2 353.179
3 327.228
4 325.187
5 337.454
6 340.167
7 328.819
8 316.56
9 321.23
10 339.077
11 343.299
12 333.807
13 335.886
14 341.41
15 343.441
16 342.065
17 339.769
18 379.851
19 382.37
20 436.09
21 487.416
22 647.515
23 623.073
24 681.153
25 707.138
26 773.08
27 827.618
28 843.949
29 879.396
30 986.766
31 1066.43
32 1235.44
33 1364.5
34 1492.31
35 1533.24
36 1621.46
37 1814.86
38 1888.06
39 1870.22
40 1944.17
41 1964.22
42 2275.8
43 2292.16
44 2270.49
45 2175.17
46 2196.01
47 2207.53
48 2209.31
49 2206
50 2173.12
51 2262.97
52 2225.66
53 2277.86
54 2264.54
55 2349.56
56 2256.39
57 2164.87
58 2169.76
59 2122.98
60 2371.79
61 2190.91
62 2300.78
63 2147.18
64 2258.83
65 2378.16
66 2117.47
67 2225.04
68 2216.66
69 2182.11
70 2154.79
71 2119.1
72 2045.14
73 2141.5
74 2007.3
75 2125.21
76 2000.96
77 1973.56
78 1774.78
79 1680.32
80 1249.39
81 980.881
82 786.709
83 627.103
84 566.726
85 540.866
86 505.853
87 511.081
88 482.794
89 477.331
90 462.132
91 464.081
92 456.085
93 447.909
94 449.677
95 418.456
96 439.025
97 442.832
98 409.022
99 397.273
100 383.973
16000 100
1 375.709
2 335.403
3 344.094
4 326.935
5 336.042
6 337.319
7 319.42
8 316.533
9 350.565
10 325.437
11 341.954
12 330.451
13 334.761
14 353.236
15 353.079
16 352.614
17 358.516
18 356.517
19 357.082
20 421.999
21 573.465
22 668.079
23 662.391
24 714.628
25 698.667
26 737.201
27 798.074
28 841.925
29 898.086
30 935.073
31 1073.57
32 1259.03
33 1362.16
34 1438.42
35 1599.06
36 1610.3
37 1783.72
38 1800.99
39 1954.33
40 2050.54
41 2127.09
42 2095.97
43 2191.93
44 2321.74
45 2278.94
46 2275.73
47 2206.71
48 2303.7
49 2255.81
50 2288.11
51 2287.62
52 2284.95
53 2239.14
54 2221.67
55 2459.84
56 2292.23
57 2277.55
58 2176.97
59 2222.3
60 2108.3
61 2271.93
62 2457.47
63 2276.93
64 2288.97
65 2197.56
66 2160.34
67 2203.4
68 2140.13
69 2150.4
70 2160.21
71 2171.22
72 2140.98
73 2217.29
74 2104.82
75 2151.56
76 2004.26
77 1936.49
78 1791.98
79 1515.03
80 1359.43
81 972.138
82 728.27
83 647.788
84 583.746
85 555.885
86 520.238
87 534.824
88 481.825
89 465.931
90 484.294
91 447.574
92 468.551
93 458.054
94 453.71
95 439.746
96 433.063
97 451.42
98 438.69
99 449.57
100 390.147
16500 100
1 351.538
2 359.505
3 353.016
4 332.809
5 329.609
6 337.493
7 339.866
8 325.532
9 323.88
10 350.515
11 323.427
12 339.266
13 335.257
14 337.593
15 352.227
16 347.549
17 339.913
18 376.748
19 376.026
20 414.359
21 559.8
22 653.761
23 728.203
24 705.19
25 785.375
26 742.719
27 788.909
28 794.575
29 845.028
30 976.639
31 1053.98
32 1238.93
33 1429.09
34 1483.52
35 1564.71
36 1690.92
37 1676.28
38 1883.39
39 1946.32
40 2027.19
41 2256.98
42 2097.05
43 2298.66
44 2318.3
45 2335.08
46 2259.83
47 2394.24
48 2329.25
49 2232.49
50 2315.02
51 2183.04
52 2347.59
53 2238.88
54 2358.07
55 2287.27
56 2344.65
57 2260.65
58 2304.06
59 2200.75
60 2094.29
61 2565.64
62 2340.42
63 2174.42
64 2277.15
65 2324.29
66 2228.4
67 2193.89
68 2325.8
69 2227.2
70 2245.86
71 2136.33
72 2186.73
73 2115.15
74 2164.18
75 2095.99
76 2103.35
77 1866.25
78 1769.61
79 1705.14
80 1195.2
81 911.24
82 755.794
83 658.683
84 595.786
85 553.729
86 525.81
87 514.928
88 484.316
89 480.456
90 476.3
91 470.421
92 457.792
93 458.103
94 465.659
95 446.699
96 442.295
97 447.56
98 412.789
99 427.157
100 383.067
17000 100
1 397.157
2 356.864
3 335.084
4 325.192
5 350.697
6 327.995
7 333.484
8 343.84
9 336.534
10 337.825
11 334.817
12 333.338
13 328.549
14 345.879
15 343.664
16 340.992
17 370.855
18 348.499
19 354.517
20 425.26
21 515.255
22 662.539
23 693.62
24 720.917
25 743.247
26 773.388
27 781.791
28 828.292
29 900.593
30 977.607
31 1035.88
32 1256.79
33 1351.96
34 1461.8
35 1603.46
36 1656.16
37 1739.69
38 1848.87
39 2056.82
40 2026.79
41 2138.71
42 2155.83
43 2272.17
44 2280.32
45 2276.89
46 2240.67
47 2285.92
48 2322.02
49 2278.72
50 2292.74
51 2275.46
52 2382.06
53 2340.23
54 2320.63
55 2270.86
56 2318.05
57 2373.9
58 2385.72
59 2146.1
60 2284.63
61 2293.94
62 2347.18
63 2369.3
64 2321.21
65 2270.36
66 2259.23
67 2196.1
68 2169.5
69 2198.27
70 2312.82
71 2235.75
72 2199.17
73 2187.87
74 2131.24
75 2092.3
76 2076.1
77 2011.14
78 1757.02
79 1470.07
80 1152.83
81 986.362
82 730.615
83 681.122
84 587.858
85 555.903
86 539.536
87 483.369
88 499.52
89 489.581
90 470.821
91 455.148
92 480.433
93 459.306
94 480.085
95 466.734
96 468.332
97 456.023
98 435.288
99 427.411
100 435.635
17500 100
1 449.532
2 348.402
3 352.44
4 364.23
5 330.614
6 323.75
7 328.689
8 347.801
9 327.243
10 337.833
11 339.882
12 349.622
13 324.981
14 341.876
15 347.183
16 364.179
17 367.911
18 360.113
19 384.984
20 414.595
21 547.446
22 628.951
23 720.628
24 710.514
25 736.775
26 785.824
27 816.255
28 855.874
29 856.907
30 961.217
31 1112.69
32 1221.48
33 1389.12
34 1510.31
35 1501.88
36 1687.3
37 1773.77
38 1823.86
39 2056.02
40 2068.06
41 2097.41
42 2161.56
43 2352.61
44 2347.12
45 2354.35
46 2374.92
47 2292.35
48 2434.92
49 2292.94
50 2311.74
51 2312.8
52 2484.98
53 2304.75
54 2428.9
55 2415.51
56 2314.03
57 2385.09
58 2486.94
59 2304.69
60 2307.21
61 2312.25
62 2321.24
63 2436
64 2315.8
65 2414.01
66 2230.76
67 2289.05
68 2238.63
69 2232.47
70 2179.34
71 2377.61
72 2232.38
73 2249.97
74 2138.44
75 2200.47
76 2075.24
77 2018.33
78 1804.21
79 1409.13
80 1279.3
81 949.065
82 755.955
83 639.734
84 608.668
85 563.703
86 511.561
87 507.32
88 509.844
89 503.832
90 480.728
91 476.088
92 481.972
93 472.265
94 477.217
95 475.796
96 474.207
97 448.292
98 467.034
99 427.264
100 395.785
18000 100
1 368.677
2 366.057
3 357.519
4 346.101
5 331.17
6 336.314
7 341.741
8 335.229
9 339.895
10 343.923
11 335.902
12 336.475
13 355.673
14 349.306
15 341.17
16 360.127
17 334.217
18 376.787
19 359.297
20 402.817
21 488.524
22 639.332
23 726.715
24 743.113
25 699.381
26 774.669
27 797.392
28 853.248
29 900.407
30 968.291
31 1072.42
32 1294.4
33 1369.46
34 1542.3
35 1587.26
36 1613.12
37 1700.95
38 1853.02
39 2080.32
40 2107.37
41 2079.02
42 2308.8
43 2394.67
44 2229.73
45 2340.11
46 2264.46
47 2418.41
48 2351.13
49 2363.27
50 2316.99
51 2381.7
52 2333.19
53 2400.98
54 2390.45
55 2344.42
56 2344.69
57 2372.3
58 2287.03
59 2422.66
60 2452.15
61 2458.96
62 2488.39
63 2358.78
64 2385.22
65 2296.52
66 2305.36
67 2313.98
68 2411.5
69 2148.51
70 2243.76
71 2340.04
72 2304.42
73 2158.79
74 2182.25
75 2315.57
76 2268.66
77 2043.22
78 1941.32
79 1406.5
80 1193.03
81 948.757
82 721.345
83 619.018
84 596.167
85 557.554
86 550.423
87 516.049
88 511.877
89 493.467
90 514.679
91 494.846
92 479.937
93 485.749
94 465.691
95 471.935
96 467.363
97 484.861
98 441.734
99 469.806
100 439.494
18500 100
1 401.32
2 351.126
3 352.218
4 319.118
5 352.223
6 350.628
7 327.836
8 338.914
9 349.494
10 342.052
11 335.278
12 355.131
13 351.974
14 345.211
15 344.513
16 362.886
17 354.859
18 344.793
19 367.368
20 377.231
21 549.258
22 658.154
23 727.13
24 710.201
25 748.705
26 754.745
27 796.513
28 881.844
29 881.997
30 981.574
31 1063.1
32 1278.3
33 1402.15
34 1472.2
35 1549.24
36 1595.97
37 1771.91
38 1863.79
39 1983.03
40 2206.62
41 2338.18
42 2311.98
43 2267.3
44 2360.05
45 2297.46
46 2396.7
47 2436.43
48 2321.8
49 2429.47
50 2436.7
51 2346.62
52 2378.73
53 2379.47
54 2426.16
55 2399.01
56 2454.69
57 2426.44
58 2383.84
59 2346.83
60 2464.59
61 2653.83
62 2497.54
63 2302.52
64 2407.13
65 2381.28
66 2282.29
67 2307.39
68 2330.16
69 2303.73
70 2237.5
71 2453.54
72 2378.8
73 2205.59
74 2221.31
75 2281.54
76 2174.2
77 2008.08
78 1818.19
79 1636.53
80 1343.91
81 974.687
82 729.972
83 673.758
84 624.407
85 569.236
86 569.765
87 508.48
88 528.074
89 512.185
90 495.634
91 520.202
92 482.443
93 492.464
94 489.785
95 485.251
96 476.764
97 465.993
98 469.186
99 460.906
100 453.199
19000 100
1 400.594
2 339.564
3 331.267
4 350.04
5 358.252
6 351.455
7 339.667
8 351.59
9 340.623
10 339.358
11 333.459
12 343.45
13 355.929
14 353.992
15 355.786
16 357.945
17 370.091
18 357.046
19 364.862
20 418.981
21 558.705
22 602.63
23 682.958
24 737.258
25 753.226
26 797.562
27 829.999
28 863.956
29 889.375
30 972.335
31 1086.96
32 1303.02
33 1391.91
34 1492.37
35 1553.29
36 1631.83
37 1748.39
38 1828.43
39 2024.26
40 2109.56
41 2177.6
42 2412.13
43 2268.86
44 2369.04
45 2284.57
46 2346.46
47 2431.57
48 2368.09
49 2412.65
50 2527.93
51 2434.38
52 2416.31
53 2449
54 2527.23
55 2446.85
56 2457.2
57 2455.12
58 2423.75
59 2580.92
60 2544.86
61 2540.88
62 2532.61
63 2344.23
64 2313.75
65 2302.09
66 2362.29
67 2396.64
68 2319.82
69 2269.93
70 2280.56
71 2394.97
72 2325.65
73 2244.28
74 2208.74
75 2254.14
76 2141.86
77 1973.73
78 1893.9
79 1630.35
80 1343.09
81 1056.31
82 727.52
83 697.199
84 626.739
85 572.499
86 557.279
87 533.928
88 528.725
89 525.705
90 487.154
91 493.778
92 499.636
93 507.731
94 492.312
95 500.693
96 483.711
97 476.458
98 489.54
99 440.092
100 495.595
19500 100
1 345.164
2 374.361
3 371.993
4 336.759
5 339.353
6 365.749
7 353.591
8 343.573
9 355.102
10 353.031
11 354.521
12 343.008
13 343.464
14 366.025
15 342.408
16 346.762
17 366.617
18 350.604
19 376.266
20 368.327
21 509.211
22 606.218
23 710.98
24 750.63
25 741.696
26 766.79
27 849.993
28 868.8
29 911.41
30 962.331
31 1137.32
32 1207.19
33 1412.05
34 1451.24
35 1561.86
36 1698.28
37 1730.29
38 1922.53
39 2038.03
40 2269.75
41 2148.6
42 2120.52
43 2277.85
44 2425
45 2425.17
46 2391.93
47 2407.18
48 2436.18
49 2358.31
50 2355.02
51 2392.25
52 2562.26
53 2488.83
54 2515.74
55 2459.13
56 2406.88
57 2367.73
58 2447.05
59 2640.87
60 2656.77
61 2348.37
62 2515.92
63 2535.42
64 2402.95
65 2345.28
66 2368.45
67 2399.35
68 2404.66
69 2329.95
70 2389.39
71 2315.55
72 2310.35
73 2234.79
74 2189.31
75 2108.49
76 2143.24
77 2092.41
78 1819.77
79 1689.84
80 1265.61
81 1036.51
82 748.711
83 699.469
84 607.324
85 580.005
86 573.106
87 542.556
88 513.557
89 535.748
90 539.375
91 519.905
92 504.637
93 493.885
94 504.018
95 519.612
96 490.592
97 485.372
98 496.891
99 469.999
100 512.022
20000 100
1 408.67
2 362.62
3 362.14
4 331.81
5 341.116
6 359.855
7 354.319
8 333.863
9 353.743
10 356.267
11 340.875
12 341.722
13 340.445
14 359.358
15 347.871
16 361.781
17 349.317
18 362.624
19 375.498
20 414.475
21 559.996
22 636.181
23 678.754
24 716.251
25 793.456
26 780.168
27 812.237
28 893.83
29 932.399
30 1009.45
31 1086.69
32 1254.49
33 1371.74
34 1472.89
35 1547.28
36 1693.32
37 1716.17
38 1890.57
39 2117.12
40 2076.34
41 2158.75
42 2387.3
43 2190.87
44 2342.65
45 2478.46
46 2468.66
47 2382.73
48 2522.03
49 2378.19
50 2479.18
51 2401.97
52 2484.21
53 2351.63
54 2494.28
55 2487.61
56 2402.26
57 2564.63
58 2411.96
59 2600.67
60 2437.02
61 2667.27
62 2509.64
63 2511.57
64 2303.27
65 2300.54
66 2418.16
67 2368.64
68 2405.28
69 2357.28
70 2393.47
71 2345.06
72 2319.12
73 2224.59
74 2241.75
75 2275.67
76 2235.82
77 1946.5
78 1862.93
79 1577.33
80 1301.32
81 977.745
82 748.089
83 700.708
84 623.628
85 608.222
86 596.013
87 546.801
88 531.842
89 524.368
90 532.874
91 525.682
92 514.292
93 497.248
94 499.485
95 494.41
96 511.786
97 474.693
98 500.891
99 517.263
100 415.031
